76 
68 
85 
80 
69 
75 
51 
81 
74 
67 
54 
66 
55 
88 
63 
87 
59 
67 
73 
71 
86 
62 
80 
64 
81 
72 
74 
55 
85 
57 
79 
63 
48 
51 
63 
46 
86 
81 
67 
67 
49 
86 
55 
71 
54 
67 
46 
53 
61 
67 
54 
71 
59 
77 
50 
87 
72 
76 
61 
70 
86 
53 
84 
61 
88 
67 
79 
89 
71 
87 
61 
64 
55 
52 
87 
54 
72 
66 
77 
49 
60 
74 
69 
64 
83 
84 
79 
71 
67 
88 
61 
56 
68 
58 
45 
73 
80 
47 
71 
83 
70 
75 
56 
61 
64 
62 
65 
89 
74 
87 
59 
46 
78 
76 
56 
88 
73 
52 
88 
84 
62 
69 
71 
48 
52 
45 
64 
51 
81 
78 
68 
56 
74 
59 
61 
88 
88 
64 
61 
54 
85 
82 
74 
59 
78 
89 
82 
78 
46 
71 
86 
59 
88 
89 
55 
47 
77 
81 
55 
57 
55 
85 
47 
47 
49 
81 
74 
63 
79 
71 
75 
55 
81 
84 
88 
50 
52 
50 
68 
47 
89 
60 
76 
55 
60 
47 
60 
71 
54 
65 
69 
78 
67 
75 
49 
87 
74 
80 
53 
88 
73 
71 
75 
82 
76 
68 
85 
88 
74 
81 
59 
61 
47 
69 
79 
69 
86 
66 
88 
48 
83 
50 
67 
69 
69 
75 
71 
60 
83 
84 
60 
63 
86 
61 
89 
88 
62 
82 
45 
72 
70 
87 
77 
46 
66 
49 
75 
81 
54 
69 
81 
68 
72 
85 
84 
71 
60 
50 
49 
78 
76 
55 
67 
64 
51 
73 
52 
80 
78 
80 
64 
56 
54 
49 
63 
53 
71 
65 
78 
78 
53 
80 
45 
81 
78 
58 
74 
67 
47 
80 
84 
89 
67 
81 
69 
47 
74 
85 
60 
68 
87 
86 
52 
82 
69 
62 
59 
85 
54 
54 
72 
68 
85 
85 
48 
58 
78 
73 
78 
80 
71 
60 
50 
81 
77 
66 
64 
78 
48 
84 
76 
57 
57 
86 
51 
60 
49 
45 
79 
70 
83 
59 
54 
47 
68 
78 
74 
75 
80 
55 
70 
75 
57 
88 
77 
74 
49 
74 
76 
51 
89 
53 
89 
68 
81 
