220 
866 
822 
557 
432 
172 
491 
941 
469 
584 
610 
299 
130 
355 
48 
289 
507 
740 
394 
157 
641 
783 
452 
834 
672 
760 
558 
816 
881 
587 
449 
69 
153 
771 
649 
100 
274 
850 
723 
301 
256 
721 
376 
597 
375 
48 
410 
272 
227 
760 
711 
820 
895 
287 
780 
728 
474 
20 
772 
324 
519 
475 
169 
539 
53 
651 
882 
918 
727 
446 
318 
459 
307 
97 
951 
46 
192 
94 
34 
598 
84 
326 
887 
956 
804 
450 
188 
287 
337 
683 
167 
972 
559 
944 
331 
364 
454 
929 
50 
621 
